sqe-cli 0.36.0 connected to http://localhost:50051 (flight)
+------+-------------------------------------------------------------+-------------+-----------------------+--------------+----------------+-------------+---------------+--------------+
| step | operation                                                   | output_rows | elapsed_ms            | output_bytes | output_batches | spill_count | spilled_bytes | spilled_rows |
+------+-------------------------------------------------------------+-------------+-----------------------+--------------+----------------+-------------+---------------+--------------+
| -5   | [phase] parse + logical plan                                |             | 58.638886             |              |                |             |               |              |
| -4   | [phase] policy evaluate                                     |             | 0.0012610000000000002 |              |                |             |               |              |
| -3   | [phase] physical plan                                       |             | 37.600836             |              |                |             |               |              |
| -2   | [phase] execute (per-op detail below)                       |             | 2442.451593           |              |                |             |               |              |
| -1   | [phase] framework overhead (parse + plan + policy + result) |             | 96.24223400000028     |              |                |             |               |              |
| 5    | IcebergScanExec                                             | 73049       | 3.52981               | 0            | 0              |             |               |              |
| 6    | RepartitionExec                                             | 73049       | 0.009239              | 884736       | 9              | 0           | 0             | 0            |
| 7    | FilterExec                                                  | 96          | 0.247394              | 98304        | 1              |             |               |              |
| 8    | CoalescePartitionsExec                                      | 96          | 0.013999              | 98304        | 1              |             |               |              |
| 9    | IcebergScanExec                                             | 316133      | 5.960647              | 0            | 0              |             |               |              |
| 10   | RepartitionExec                                             | 316133      | 2.851561              | 5283840      | 40             | 0           | 0             | 0            |
| 11   | HashJoinExec                                                | 316133      | 5.337119              | 6362188      | 40             |             |               |              |
| 12   | ProjectionExec                                              | 316133      | 0.07779               | 6362188      | 40             |             |               |              |
| 13   | CoalescePartitionsExec                                      | 316133      | 0.025566              | 6362188      | 40             |             |               |              |
| 14   | IcebergScanExec                                             | 22851       | 197.912082            | 0            | 0              |             |               |              |
| 15   | RepartitionExec                                             | 22851       | 12.301615             | 655410       | 8              | 0           | 0             | 0            |
| 16   | HashJoinExec                                                | 303669      | 25.68473              | 10221304     | 40             |             |               |              |
| 17   | AggregateExec                                               | 840         | 30.059676             | 89472        | 8              | 0           | 0             | 0            |
| 18   | RepartitionExec                                             | 840         | 0.423396              | 1063072      | 8              | 0           | 0             | 0            |
| 19   | AggregateExec                                               | 105         | 0.299894              | 68104        | 8              | 0           | 0             | 0            |
| 20   | ProjectionExec                                              | 105         | 0.009981              | 66952        | 8              |             |               |              |
| 21   | RepartitionExec                                             | 105         | 0.044444              | 526128       | 8              | 0           | 0             | 0            |
| 22   | IcebergScanExec                                             | 500000      | 0.7481                | 0            | 0              |             |               |              |
| 23   | IcebergScanExec                                             | 73049       | 5.716432              | 0            | 0              |             |               |              |
| 24   | RepartitionExec                                             | 73049       | 0.045041              | 884736       | 9              | 0           | 0             | 0            |
| 25   | FilterExec                                                  | 96          | 0.28548               | 98304        | 1              |             |               |              |
| 26   | CoalescePartitionsExec                                      | 96          | 0.007779              | 98304        | 1              |             |               |              |
| 27   | IcebergScanExec                                             | 1206088     | 38.273164             | 0            | 0              |             |               |              |
| 28   | RepartitionExec                                             | 1206088     | 9.444264              | 19922944     | 152            | 0           | 0             | 0            |
| 29   | HashJoinExec                                                | 1206088     | 19.101104             | 24903680     | 152            |             |               |              |
| 30   | ProjectionExec                                              | 1206088     | 0.272376              | 24903680     | 152            |             |               |              |
| 31   | HashJoinExec                                                | 1206088     | 60.215251             | 40697297     | 152            |             |               |              |
| 32   | ProjectionExec                                              | 1206088     | 0.25909               | 40697297     | 152            |             |               |              |
| 33   | AggregateExec                                               | 840         | 93.115027             | 86192        | 8              | 0           | 0             | 0            |
| 34   | RepartitionExec                                             | 840         | 1.013925              | 1063072      | 8              | 0           | 0             | 0            |
| 35   | AggregateExec                                               | 105         | 0.397302              | 68104        | 8              | 0           | 0             | 0            |
| 36   | ProjectionExec                                              | 105         | 0.01437               | 67528        | 8              |             |               |              |
| 37   | RepartitionExec                                             | 105         | 0.199077              | 788272       | 8              | 0           | 0             | 0            |
| 38   | IcebergScanExec                                             | 500000      | 0.988931              | 0            | 0              |             |               |              |
| 39   | IcebergScanExec                                             | 73049       | 3.557879              | 0            | 0              |             |               |              |
| 40   | RepartitionExec                                             | 73049       | 0.011135              | 884736       | 9              | 0           | 0             | 0            |
| 41   | FilterExec                                                  | 90          | 0.321571              | 98304        | 1              |             |               |              |
| 42   | CoalescePartitionsExec                                      | 90          | 0.010035              | 98304        | 1              |             |               |              |
| 43   | IcebergScanExec                                             | 1137953     | 29.692301             | 0            | 0              |             |               |              |
| 44   | RepartitionExec                                             | 1137953     | 8.912723              | 18874368     | 144            | 0           | 0             | 0            |
| 45   | HashJoinExec                                                | 1137953     | 15.369135             | 23592960     | 144            |             |               |              |
| 46   | ProjectionExec                                              | 1137953     | 0.266934              | 23592960     | 144            |             |               |              |
| 47   | HashJoinExec                                                | 1137953     | 51.98858              | 38465434     | 144            |             |               |              |
| 48   | ProjectionExec                                              | 1137953     | 0.245201              | 38465434     | 144            |             |               |              |
| 49   | AggregateExec                                               | 840         | 82.703947             | 84544        | 8              | 0           | 0             | 0            |
| 50   | RepartitionExec                                             | 840         | 0.476121              | 1063072      | 8              | 0           | 0             | 0            |
| 51   | AggregateExec                                               | 105         | 0.598658              | 68104        | 8              | 0           | 0             | 0            |
| 52   | ProjectionExec                                              | 105         | 0.010131              | 66952        | 8              |             |               |              |
| 53   | RepartitionExec                                             | 105         | 0.094805              | 526128       | 8              | 0           | 0             | 0            |
| 54   | HashJoinExec                                                | 105         | 1.493445              | 1314400      | 8              |             |               |              |
| 55   | IcebergScanExec                                             | 500000      | 0.795245              | 0            | 0              |             |               |              |
| 56   | IcebergScanExec                                             | 73049       | 5.016334              | 0            | 0              |             |               |              |
| 57   | RepartitionExec                                             | 73049       | 0.014087              | 884736       | 9              | 0           | 0             | 0            |
| 58   | FilterExec                                                  | 90          | 0.592906              | 98304        | 1              |             |               |              |
| 59   | CoalescePartitionsExec                                      | 90          | 0.020044              | 98304        | 1              |             |               |              |
| 60   | IcebergScanExec                                             | 1142394     | 28.247258             | 0            | 0              |             |               |              |
| 61   | RepartitionExec                                             | 1142394     | 8.049223              | 18874368     | 144            | 0           | 0             | 0            |
| 62   | HashJoinExec                                                | 1142394     | 13.554048             | 23592960     | 144            |             |               |              |
| 63   | ProjectionExec                                              | 1142394     | 0.227734              | 23592960     | 144            |             |               |              |
| 64   | HashJoinExec                                                | 1142394     | 49.737564             | 38552212     | 144            |             |               |              |
| 65   | ProjectionExec                                              | 1142394     | 0.20601               | 38552212     | 144            |             |               |              |
| 66   | AggregateExec                                               | 840         | 75.701618             | 86176        | 8              | 0           | 0             | 0            |
| 67   | RepartitionExec                                             | 840         | 0.681509              | 1063072      | 8              | 0           | 0             | 0            |
| 68   | AggregateExec                                               | 105         | 0.465483              | 68104        | 8              | 0           | 0             | 0            |
| 69   | ProjectionExec                                              | 105         | 0.011543              | 66952        | 8              |             |               |              |
| 70   | RepartitionExec                                             | 105         | 0.069842              | 526128       | 8              | 0           | 0             | 0            |
| 71   | HashJoinExec                                                | 105         | 3.613216              | 1836848      | 8              |             |               |              |
| 72   | HashJoinExec                                                | 105         | 0.603799              | 2362976      | 8              |             |               |              |
| 73   | ProjectionExec                                              | 105         | 0.039918              | 2362976      | 8              |             |               |              |
| 74   | IcebergScanExec                                             | 73049       | 6.19254               | 0            | 0              |             |               |              |
| 75   | RepartitionExec                                             | 73049       | 0.01301               | 884736       | 9              | 0           | 0             | 0            |
| 76   | FilterExec                                                  | 90          | 0.272546              | 98304        | 1              |             |               |              |
| 77   | CoalescePartitionsExec                                      | 90          | 0.011904              | 98304        | 1              |             |               |              |
| 78   | IcebergScanExec                                             | 293719      | 5.516672              | 0            | 0              |             |               |              |
| 79   | RepartitionExec                                             | 293719      | 2.203761              | 5283840      | 40             | 0           | 0             | 0            |
| 80   | HashJoinExec                                                | 293719      | 4.882438              | 6594560      | 40             |             |               |              |
| 81   | ProjectionExec                                              | 293719      | 0.07027               | 6594560      | 40             |             |               |              |
| 82   | CoalescePartitionsExec                                      | 293719      | 0.008732              | 6594560      | 40             |             |               |              |
| 83   | IcebergScanExec                                             | 21231       | 172.569993            | 0            | 0              |             |               |              |
| 84   | RepartitionExec                                             | 21231       | 10.765715             | 627722       | 8              | 0           | 0             | 0            |
| 85   | HashJoinExec                                                | 281765      | 16.579387             | 10094683     | 40             |             |               |              |
| 86   | AggregateExec                                               | 840         | 18.886009             | 85368        | 8              | 0           | 0             | 0            |
| 87   | RepartitionExec                                             | 840         | 0.799916              | 1063072      | 8              | 0           | 0             | 0            |
| 88   | AggregateExec                                               | 105         | 0.816754              | 68104        | 8              | 0           | 0             | 0            |
| 89   | ProjectionExec                                              | 105         | 0.011317              | 66952        | 8              |             |               |              |
| 90   | RepartitionExec                                             | 105         | 0.180429              | 526128       | 8              | 0           | 0             | 0            |
| 91   | HashJoinExec                                                | 48          | 8.846825              | 2885324      | 8              |             |               |              |
| 92   | IcebergScanExec                                             | 73049       | 2.805576              | 0            | 0              |             |               |              |
| 93   | RepartitionExec                                             | 73049       | 0.015518              | 884736       | 9              | 0           | 0             | 0            |
| 94   | FilterExec                                                  | 90          | 0.292235              | 98304        | 1              |             |               |              |
| 95   | CoalescePartitionsExec                                      | 90          | 0.034161              | 98304        | 1              |             |               |              |
| 96   | IcebergScanExec                                             | 296485      | 5.974356              | 0            | 0              |             |               |              |
| 97   | RepartitionExec                                             | 296485      | 4.19513               | 5283840      | 40             | 0           | 0             | 0            |
| 98   | HashJoinExec                                                | 296485      | 6.971073              | 6397396      | 40             |             |               |              |
| 99   | ProjectionExec                                              | 296485      | 0.107708              | 6397396      | 40             |             |               |              |
| 100  | CoalescePartitionsExec                                      | 296485      | 0.009085              | 6397396      | 40             |             |               |              |
| 101  | IcebergScanExec                                             | 21321       | 166.453897            | 0            | 0              |             |               |              |
| 102  | RepartitionExec                                             | 21321       | 10.857047             | 629446       | 8              | 0           | 0             | 0            |
| 103  | HashJoinExec                                                | 284525      | 22.861178             | 10145637     | 40             |             |               |              |
| 104  | AggregateExec                                               | 840         | 21.524777             | 84544        | 8              | 0           | 0             | 0            |
| 105  | RepartitionExec                                             | 840         | 0.688418              | 1063072      | 8              | 0           | 0             | 0            |
| 106  | AggregateExec                                               | 105         | 0.798348              | 68104        | 8              | 0           | 0             | 0            |
| 107  | ProjectionExec                                              | 105         | 0.012179              | 66952        | 8              |             |               |              |
| 108  | RepartitionExec                                             | 105         | 0.094765              | 526128       | 8              | 0           | 0             | 0            |
| 109  | HashJoinExec                                                | 14          | 15.082948             | 2130177      | 5              |             |               |              |
| 110  | ProjectionExec                                              | 14          | 0.037138              | 164545       | 5              |             |               |              |
| 111  | SortExec                                                    | 14          | 0.012839              | 0            | 0              | 0           | 0             | 0            |
| 112  | SortPreservingMergeExec                                     | 14          | 0.015734              | 745          | 1              |             |               |              |
+------+-------------------------------------------------------------+-------------+-----------------------+--------------+----------------+-------------+---------------+--------------+
(113 rows)
